Title: Ion-by-Ion Cooling Efficiencies
Authors: Gnat O., Ferland G.J.
Table: Ion-by-Ion Cooling Efficiencies for Lithium
================================================================================
Byte-by-byte Description of file: datafile1C.txt
--------------------------------------------------------------------------------
   Bytes Format Units   Label         Explanations
--------------------------------------------------------------------------------
   1-  8 E8.2   K       Temperature   Temperature (column 1)
  10- 17 E8.2   ---     Li{0}         Ionic Cooling efficiency (column 2)
  19- 26 E8.2   ---     Li{+}         Ionic Cooling efficiency (column 3)
  28- 35 E8.2   ---     Li{2+}        Ionic Cooling efficiency (column 4)
  37- 44 E8.2   ---     Li{3+}        Ionic Cooling efficiency (column 5)
  46- 53 E8.2   ---     Li{CIE}       CIE Cooling efficiency (column 6)
--------------------------------------------------------------------------------
1.00e+04 1.53e-19 1.77e-25 3.27e-24 8.50e-24 4.31e-22
1.05e+04 1.73e-19 1.82e-25 3.32e-24 8.63e-24 3.42e-22
1.10e+04 1.95e-19 1.87e-25 3.37e-24 8.77e-24 2.75e-22
1.16e+04 2.19e-19 1.92e-25 3.42e-24 8.91e-24 2.21e-22
1.22e+04 2.44e-19 1.98e-25 3.47e-24 9.06e-24 1.80e-22
1.28e+04 2.72e-19 2.03e-25 3.52e-24 9.20e-24 1.48e-22
1.34e+04 3.01e-19 2.09e-25 3.58e-24 9.35e-24 1.22e-22
1.41e+04 3.33e-19 2.14e-25 3.63e-24 9.50e-24 1.01e-22
1.48e+04 3.66e-19 2.20e-25 3.68e-24 9.65e-24 8.43e-23
1.55e+04 4.02e-19 2.26e-25 3.74e-24 9.80e-24 7.09e-23
1.63e+04 4.40e-19 2.32e-25 3.80e-24 9.96e-24 6.00e-23
1.71e+04 4.80e-19 2.38e-25 3.85e-24 1.01e-23 5.10e-23
1.80e+04 5.22e-19 2.45e-25 3.91e-24 1.03e-23 4.36e-23
1.89e+04 5.66e-19 2.52e-25 3.97e-24 1.05e-23 3.75e-23
1.99e+04 6.13e-19 2.59e-25 4.03e-24 1.06e-23 3.24e-23
2.09e+04 6.61e-19 2.67e-25 4.10e-24 1.08e-23 2.81e-23
2.20e+04 7.12e-19 2.75e-25 4.16e-24 1.10e-23 2.45e-23
2.31e+04 7.64e-19 2.82e-25 4.22e-24 1.12e-23 2.15e-23
2.43e+04 8.18e-19 2.90e-25 4.29e-24 1.13e-23 1.89e-23
2.56e+04 8.74e-19 2.99e-25 4.35e-24 1.15e-23 1.67e-23
2.69e+04 9.32e-19 3.07e-25 4.42e-24 1.17e-23 1.49e-23
2.83e+04 9.91e-19 3.16e-25 4.49e-24 1.19e-23 1.32e-23
2.98e+04 1.05e-18 3.24e-25 4.55e-24 1.21e-23 1.19e-23
3.14e+04 1.11e-18 3.33e-25 4.62e-24 1.23e-23 1.07e-23
3.30e+04 1.18e-18 3.44e-25 4.69e-24 1.25e-23 9.63e-24
3.47e+04 1.24e-18 3.55e-25 4.77e-24 1.27e-23 8.73e-24
3.65e+04 1.31e-18 3.69e-25 4.84e-24 1.29e-23 7.93e-24
3.84e+04 1.38e-18 3.89e-25 4.92e-24 1.31e-23 7.24e-24
4.04e+04 1.44e-18 4.21e-25 4.99e-24 1.33e-23 6.65e-24
4.26e+04 1.51e-18 4.79e-25 5.07e-24 1.35e-23 6.16e-24
4.48e+04 1.58e-18 5.94e-25 5.15e-24 1.38e-23 5.78e-24
4.71e+04 1.65e-18 8.20e-25 5.23e-24 1.40e-23 5.57e-24
4.96e+04 1.72e-18 1.26e-24 5.31e-24 1.42e-23 5.62e-24
5.22e+04 1.79e-18 2.10e-24 5.39e-24 1.44e-23 6.11e-24
5.49e+04 1.86e-18 3.65e-24 5.47e-24 1.47e-23 7.34e-24
5.78e+04 1.92e-18 6.41e-24 5.56e-24 1.49e-23 9.82e-24
6.08e+04 1.99e-18 1.12e-23 5.66e-24 1.52e-23 1.44e-23
6.40e+04 2.06e-18 1.93e-23 5.78e-24 1.54e-23 2.22e-23
6.74e+04 2.13e-18 3.25e-23 5.94e-24 1.56e-23 3.51e-23
7.09e+04 2.19e-18 5.35e-23 6.16e-24 1.59e-23 5.55e-23
7.46e+04 2.26e-18 8.60e-23 6.51e-24 1.61e-23 8.68e-23
7.86e+04 2.32e-18 1.35e-22 7.11e-24 1.64e-23 1.33e-22
8.27e+04 2.39e-18 2.08e-22 8.15e-24 1.67e-23 1.97e-22
8.70e+04 2.45e-18 3.13e-22 9.92e-24 1.69e-23 2.80e-22
9.16e+04 2.51e-18 4.61e-22 1.29e-23 1.72e-23 3.80e-22
9.64e+04 2.57e-18 6.66e-22 1.79e-23 1.74e-23 4.87e-22
1.02e+05 2.62e-18 9.47e-22 2.61e-23 1.77e-23 5.88e-22
1.07e+05 2.68e-18 1.32e-21 3.89e-23 1.80e-23 6.66e-22
1.12e+05 2.73e-18 1.80e-21 5.87e-23 1.83e-23 7.17e-22
1.18e+05 2.78e-18 2.43e-21 8.86e-23 1.86e-23 7.47e-22
1.24e+05 2.83e-18 3.22e-21 1.33e-22 1.89e-23 7.68e-22
1.31e+05 2.88e-18 4.22e-21 1.97e-22 1.92e-23 7.94e-22
1.38e+05 2.92e-18 5.45e-21 2.87e-22 1.95e-23 8.39e-22
1.45e+05 2.96e-18 6.93e-21 4.10e-22 1.98e-23 9.11e-22
1.53e+05 3.00e-18 8.72e-21 5.78e-22 2.01e-23 1.02e-21
1.61e+05 3.04e-18 1.09e-20 8.06e-22 2.04e-23 1.16e-21
1.69e+05 3.07e-18 1.34e-20 1.10e-21 2.07e-23 1.33e-21
1.78e+05 3.10e-18 1.63e-20 1.49e-21 2.10e-23 1.51e-21
1.88e+05 3.13e-18 1.96e-20 1.97e-21 2.13e-23 1.67e-21
1.98e+05 3.16e-18 2.34e-20 2.58e-21 2.17e-23 1.80e-21
2.08e+05 3.18e-18 2.76e-20 3.34e-21 2.20e-23 1.86e-21
2.19e+05 3.20e-18 3.24e-20 4.26e-21 2.24e-23 1.86e-21
2.30e+05 3.22e-18 3.78e-20 5.38e-21 2.27e-23 1.80e-21
2.42e+05 3.23e-18 4.36e-20 6.71e-21 2.31e-23 1.69e-21
2.55e+05 3.24e-18 5.00e-20 8.27e-21 2.34e-23 1.57e-21
2.69e+05 3.25e-18 5.70e-20 1.01e-20 2.37e-23 1.43e-21
2.83e+05 3.25e-18 6.44e-20 1.22e-20 2.41e-23 1.29e-21
2.98e+05 3.25e-18 7.25e-20 1.47e-20 2.45e-23 1.16e-21
3.13e+05 3.25e-18 8.11e-20 1.75e-20 2.48e-23 1.05e-21
3.30e+05 3.24e-18 9.02e-20 2.06e-20 2.52e-23 9.39e-22
3.47e+05 3.24e-18 9.98e-20 2.41e-20 2.56e-23 8.45e-22
3.66e+05 3.22e-18 1.10e-19 2.80e-20 2.60e-23 7.60e-22
3.85e+05 3.21e-18 1.20e-19 3.23e-20 2.64e-23 6.86e-22
4.05e+05 3.19e-18 1.32e-19 3.70e-20 2.68e-23 6.21e-22
4.26e+05 3.17e-18 1.43e-19 4.21e-20 2.72e-23 5.63e-22
4.49e+05 3.15e-18 1.55e-19 4.77e-20 2.76e-23 5.12e-22
4.72e+05 3.12e-18 1.67e-19 5.37e-20 2.80e-23 4.67e-22
4.97e+05 3.09e-18 1.79e-19 6.02e-20 2.84e-23 4.27e-22
5.23e+05 3.06e-18 1.92e-19 6.70e-20 2.88e-23 3.92e-22
5.51e+05 3.02e-18 2.05e-19 7.43e-20 2.93e-23 3.61e-22
5.80e+05 2.98e-18 2.19e-19 8.20e-20 2.97e-23 3.33e-22
6.10e+05 2.94e-18 2.32e-19 9.01e-20 3.01e-23 3.08e-22
6.43e+05 2.90e-18 2.46e-19 9.86e-20 3.06e-23 2.85e-22
6.76e+05 2.86e-18 2.60e-19 1.07e-19 3.10e-23 2.65e-22
7.12e+05 2.81e-18 2.74e-19 1.17e-19 3.15e-23 2.47e-22
7.49e+05 2.76e-18 2.88e-19 1.26e-19 3.20e-23 2.31e-22
7.89e+05 2.71e-18 3.02e-19 1.36e-19 3.24e-23 2.17e-22
8.30e+05 2.65e-18 3.17e-19 1.46e-19 3.29e-23 2.03e-22
8.74e+05 2.60e-18 3.31e-19 1.57e-19 3.33e-23 1.92e-22
9.20e+05 2.54e-18 3.45e-19 1.67e-19 3.38e-23 1.81e-22
9.69e+05 2.48e-18 3.60e-19 1.78e-19 3.43e-23 1.71e-22
1.02e+06 2.42e-18 3.74e-19 1.89e-19 3.47e-23 1.62e-22
1.07e+06 2.36e-18 3.88e-19 2.00e-19 3.53e-23 1.54e-22
1.13e+06 2.30e-18 4.02e-19 2.10e-19 3.58e-23 1.45e-22
1.19e+06 2.24e-18 4.16e-19 2.19e-19 3.63e-23 1.38e-22
1.25e+06 2.18e-18 4.30e-19 2.28e-19 3.68e-23 1.31e-22
1.32e+06 2.12e-18 4.44e-19 2.37e-19 3.73e-23 1.24e-22
1.39e+06 2.05e-18 4.58e-19 2.46e-19 3.78e-23 1.19e-22
1.46e+06 1.99e-18 4.71e-19 2.55e-19 3.84e-23 1.14e-22
1.54e+06 1.93e-18 4.84e-19 2.64e-19 3.89e-23 1.09e-22
1.62e+06 1.87e-18 4.98e-19 2.72e-19 3.94e-23 1.05e-22
1.70e+06 1.81e-18 5.10e-19 2.80e-19 3.99e-23 1.01e-22
1.79e+06 1.75e-18 5.23e-19 2.88e-19 4.05e-23 9.71e-23
1.89e+06 1.69e-18 5.35e-19 2.96e-19 4.11e-23 9.39e-23
1.99e+06 1.63e-18 5.47e-19 3.04e-19 4.17e-23 9.10e-23
2.09e+06 1.57e-18 5.59e-19 3.11e-19 4.23e-23 8.84e-23
2.20e+06 1.51e-18 5.70e-19 3.18e-19 4.29e-23 8.60e-23
2.32e+06 1.46e-18 5.81e-19 3.25e-19 4.35e-23 8.38e-23
2.44e+06 1.41e-18 5.92e-19 3.31e-19 4.41e-23 8.18e-23
2.57e+06 1.35e-18 6.03e-19 3.37e-19 4.47e-23 8.00e-23
2.70e+06 1.30e-18 6.13e-19 3.43e-19 4.53e-23 7.84e-23
2.84e+06 1.25e-18 6.22e-19 3.49e-19 4.59e-23 7.70e-23
2.99e+06 1.20e-18 6.32e-19 3.54e-19 4.65e-23 7.57e-23
3.15e+06 1.16e-18 6.40e-19 3.59e-19 4.72e-23 7.45e-23
3.32e+06 1.11e-18 6.49e-19 3.63e-19 4.79e-23 7.35e-23
3.49e+06 1.07e-18 6.57e-19 3.68e-19 4.86e-23 7.26e-23
3.68e+06 1.03e-18 6.65e-19 3.71e-19 4.93e-23 7.19e-23
3.87e+06 9.87e-19 6.72e-19 3.75e-19 5.00e-23 7.12e-23
4.07e+06 9.49e-19 6.78e-19 3.78e-19 5.08e-23 7.07e-23
4.29e+06 9.11e-19 6.85e-19 3.81e-19 5.15e-23 7.02e-23
4.51e+06 8.76e-19 6.91e-19 3.84e-19 5.22e-23 6.98e-23
4.75e+06 8.41e-19 6.96e-19 3.86e-19 5.30e-23 6.95e-23
5.00e+06 8.08e-19 7.01e-19 3.88e-19 5.38e-23 6.93e-23
5.01e+06 8.07e-19 7.01e-19 3.88e-19 5.38e-23 6.93e-23
5.25e+06 7.79e-19 7.05e-19 3.90e-19 5.45e-23 6.91e-23
5.50e+06 7.52e-19 7.08e-19 3.91e-19 5.52e-23 6.90e-23
5.75e+06 7.25e-19 7.12e-19 3.92e-19 5.60e-23 6.90e-23
6.03e+06 7.00e-19 7.15e-19 3.93e-19 5.68e-23 6.91e-23
6.31e+06 6.76e-19 7.17e-19 3.94e-19 5.76e-23 6.93e-23
6.61e+06 6.53e-19 7.19e-19 3.94e-19 5.84e-23 6.95e-23
6.92e+06 6.31e-19 7.21e-19 3.94e-19 5.92e-23 6.97e-23
7.24e+06 6.10e-19 7.22e-19 3.95e-19 6.01e-23 7.00e-23
7.59e+06 5.90e-19 7.23e-19 3.94e-19 6.10e-23 7.03e-23
7.94e+06 5.70e-19 7.24e-19 3.94e-19 6.18e-23 7.07e-23
8.32e+06 5.51e-19 7.24e-19 3.93e-19 6.27e-23 7.11e-23
8.71e+06 5.33e-19 7.24e-19 3.93e-19 6.36e-23 7.15e-23
9.12e+06 5.16e-19 7.24e-19 3.92e-19 6.45e-23 7.20e-23
9.55e+06 5.00e-19 7.23e-19 3.91e-19 6.54e-23 7.25e-23
1.00e+07 4.84e-19 7.22e-19 3.90e-19 6.63e-23 7.30e-23
1.05e+07 4.69e-19 7.21e-19 3.88e-19 6.74e-23 7.37e-23
1.10e+07 4.54e-19 7.20e-19 3.87e-19 6.84e-23 7.44e-23
1.15e+07 4.40e-19 7.18e-19 3.85e-19 6.95e-23 7.52e-23
1.20e+07 4.27e-19 7.16e-19 3.83e-19 7.06e-23 7.60e-23
1.26e+07 4.14e-19 7.13e-19 3.81e-19 7.18e-23 7.68e-23
1.32e+07 4.02e-19 7.11e-19 3.79e-19 7.29e-23 7.77e-23
1.38e+07 3.90e-19 7.08e-19 3.77e-19 7.40e-23 7.85e-23
1.45e+07 3.79e-19 7.05e-19 3.75e-19 7.52e-23 7.95e-23
1.51e+07 3.68e-19 7.02e-19 3.73e-19 7.64e-23 8.04e-23
1.58e+07 3.58e-19 6.98e-19 3.71e-19 7.76e-23 8.14e-23
1.66e+07 3.48e-19 6.94e-19 3.68e-19 7.88e-23 8.24e-23
1.74e+07 3.38e-19 6.90e-19 3.66e-19 8.00e-23 8.34e-23
1.82e+07 3.29e-19 6.86e-19 3.63e-19 8.13e-23 8.45e-23
1.91e+07 3.20e-19 6.82e-19 3.60e-19 8.27e-23 8.57e-23
2.00e+07 3.11e-19 6.78e-19 3.58e-19 8.42e-23 8.70e-23
2.09e+07 3.03e-19 6.73e-19 3.55e-19 8.56e-23 8.83e-23
2.19e+07 2.95e-19 6.68e-19 3.52e-19 8.71e-23 8.96e-23
2.29e+07 2.87e-19 6.64e-19 3.49e-19 8.85e-23 9.09e-23
2.40e+07 2.80e-19 6.59e-19 3.46e-19 9.00e-23 9.23e-23
2.51e+07 2.73e-19 6.54e-19 3.43e-19 9.15e-23 9.36e-23
2.63e+07 2.66e-19 6.48e-19 3.40e-19 9.30e-23 9.50e-23
2.75e+07 2.59e-19 6.43e-19 3.37e-19 9.45e-23 9.63e-23
2.88e+07 2.53e-19 6.38e-19 3.34e-19 9.60e-23 9.77e-23
3.02e+07 2.47e-19 6.32e-19 3.31e-19 9.74e-23 9.91e-23
3.16e+07 2.41e-19 6.27e-19 3.28e-19 9.89e-23 1.00e-22
3.31e+07 2.35e-19 6.21e-19 3.25e-19 1.01e-22 1.02e-22
3.47e+07 2.30e-19 6.16e-19 3.22e-19 1.02e-22 1.04e-22
3.63e+07 2.24e-19 6.10e-19 3.19e-19 1.04e-22 1.05e-22
3.80e+07 2.19e-19 6.04e-19 3.15e-19 1.05e-22 1.07e-22
3.98e+07 2.14e-19 5.99e-19 3.12e-19 1.07e-22 1.08e-22
4.17e+07 2.09e-19 5.93e-19 3.09e-19 1.09e-22 1.10e-22
4.37e+07 2.04e-19 5.87e-19 3.06e-19 1.10e-22 1.11e-22
4.57e+07 2.00e-19 5.81e-19 3.03e-19 1.12e-22 1.13e-22
4.79e+07 1.95e-19 5.75e-19 3.00e-19 1.13e-22 1.14e-22
5.01e+07 1.91e-19 5.69e-19 2.97e-19 1.14e-22 1.15e-22
5.25e+07 1.87e-19 5.64e-19 2.94e-19 1.16e-22 1.17e-22
5.50e+07 1.82e-19 5.58e-19 2.90e-19 1.17e-22 1.18e-22
5.75e+07 1.79e-19 5.52e-19 2.87e-19 1.18e-22 1.19e-22
6.03e+07 1.75e-19 5.46e-19 2.84e-19 1.20e-22 1.20e-22
6.31e+07 1.71e-19 5.40e-19 2.81e-19 1.21e-22 1.22e-22
6.61e+07 1.67e-19 5.34e-19 2.78e-19 1.22e-22 1.23e-22
6.92e+07 1.64e-19 5.29e-19 2.75e-19 1.24e-22 1.24e-22
7.24e+07 1.60e-19 5.23e-19 2.72e-19 1.25e-22 1.25e-22
7.59e+07 1.57e-19 5.17e-19 2.69e-19 1.26e-22 1.26e-22
7.94e+07 1.54e-19 5.11e-19 2.66e-19 1.27e-22 1.27e-22
8.32e+07 1.50e-19 5.06e-19 2.63e-19 1.28e-22 1.28e-22
8.71e+07 1.47e-19 5.00e-19 2.60e-19 1.28e-22 1.29e-22
9.12e+07 1.44e-19 4.94e-19 2.57e-19 1.29e-22 1.30e-22
9.55e+07 1.41e-19 4.89e-19 2.55e-19 1.30e-22 1.30e-22
1.00e+08 1.38e-19 4.83e-19 2.52e-19 1.30e-22 1.31e-22
